
Protocol  : UNKNOWN
Code      : 0xFEAB60E (66 Bits)
uint16_t rawData[131] = {8968, 4526,  504, 616,  504, 616,  504, 1736,  502, 616,  504, 616,  504, 616,  504, 616,  502, 1736,  504, 1736,  504, 616,  504, 1736,  504, 616,  504, 1736,  504, 618,  502, 1736,  504, 616,  504, 616,  504, 1736,  502, 616,  504, 616,  504, 616,  504, 1736,  504, 1736,  504, 616, 
 504, 1736,  504, 1736,  504, 616,  502, 616,  504, 616,  504, 616,  502, 616,  504, 616,  504, 616,  504, 616,  504, 616,  502, 616,  502, 1736,  504, 616,  502, 616,  502, 616,  504, 616,  502, 616,  502, 616,  502, 616,  504, 616,  504, 616,  504, 616,  502, 616,  504, 616,  504, 616,  504, 616,  504, 616,  502, 616,  504, 616,  502, 1736,  502, 616,  504, 616,  504, 616,  502, 618,  502, 616,  504, 616,  504, 616,  504, 1736,  504, 586,  502};  // UNKNOWN FEAB60E


Protocol  : UNKNOWN
Code      : 0x8CF49352 (66 Bits)
uint16_t rawData[131] = {9018, 4476,  534, 586,  534, 586,  534, 1706,  534, 586,  534, 586,  532, 586,  534, 586,  534, 1704,  534, 1706,  534, 586,  534, 1706,  532, 586,  534, 1706,  534, 586,  534, 1706,  534, 586,  534, 1706,  534, 1706,  534, 586,  534, 586,  534, 586,  534, 1704,  534, 1706,  534, 586,  534, 586,  534, 586,  534, 1706,  534, 586,  534, 586,  534, 586,  534, 586,  534, 584,  534, 586,  534, 586,  534, 586,  534, 586,  534, 1706,  534, 586,  534, 586,  532, 586,  534, 586,  534, 586,  534, 586,  534, 586,  534, 586,  534, 586,  534, 586,  534, 586,  534, 586,  534, 586,  534, 586,  534, 586,  534, 586,  534, 586,  534, 1706,  534, 586,  534, 584,  534, 586,  534, 586,  534, 586,  532, 586,  534, 586,  534, 1706,  534, 556,  534};  // UNKNOWN 8CF49352


Protocol  : UNKNOWN
Code      : 0x5FD1469C (66 Bits)
uint16_t rawData[131] = {8992, 4502,  502, 616,  534, 586,  532, 1706,  502, 616,  534, 586,  532, 586,  532, 586,  534, 1706,  504, 1736,  532, 588,  534, 1706,  504, 616,  532, 1708,  502, 616,  534, 1706,  504, 616,  532, 586,  532, 586,  532, 1706,  504, 616,  534, 586,  532, 1706,  504, 1736,  504, 616, 
 534, 1706,  504, 616,  532, 1706,  504, 616,  534, 586,  534, 586,  534, 586,  534, 586,  534, 586,  534, 586,  532, 586,  534, 586,  532, 1706,  504, 616,  534, 586,  534, 586,  532, 586,  534, 586,  532, 586,  534, 586,  534, 586,  534, 586,  532, 586,  534, 586,  532, 586,  534, 586,  534, 586,  534, 586,  534, 586,  532, 586,  532, 1706,  504, 616,  534, 586,  534, 586,  532, 586,  534, 586,  534, 586,  532, 586,  532, 1706,  504, 586,  532};  // UNKNOWN 5FD1469C


Protocol  : UNKNOWN
Code      : 0x6BEFA9CC (66 Bits)
uint16_t rawData[131] = {8970, 4524,  504, 616,  534, 586,  532, 1706,  504, 616,  534, 586,  534, 586,  532, 586,  534, 1706,  504, 1736,  502, 616,  534, 1706,  504, 616,  532, 1706,  504, 616,  532, 1706,  504, 616,  534, 1706,  504, 616,  532, 1706,  504, 616,  532, 586,  532, 1706,  504, 1736,  502, 616,  534, 586,  534, 1706,  504, 1736,  504, 616,  532, 586,  532, 588,  532, 586,  532, 586,  532, 588,  532, 588,  532, 586,  504, 616,  502, 1736,  502, 616,  504, 616,  504, 616,  504, 616,  502, 616,  504, 616,  504, 616,  502, 616,  504, 616,  504, 616,  504, 616,  504, 616,  502, 616,  504, 616,  502, 616,  502, 616,  502, 616,  502, 1736,  504, 616,  502, 616,  502, 616,  504, 616,  504, 616,  502, 616,  504, 616,  504, 1736,  504, 586,  504};  // UNKNOWN 
6BEFA9CC


Protocol  : UNKNOWN
Code      : 0xD493F7F6 (66 Bits)
uint16_t rawData[131] = {8970, 4524,  504, 616,  532, 586,  532, 1706,  504, 616,  504, 616,  502, 616,  504, 614,  504, 1736,  504, 1738,  502, 616,  502, 1736,  504, 616,  504, 1736,  504, 616,  504, 1736,  504, 616,  502, 616,  502, 1736,  504, 1736,  502, 616,  504, 616,  502, 1736,  504, 1736,  504, 616,  504, 1736,  502, 1736,  504, 1736,  504, 616,  502, 616,  504, 616,  504, 616,  502, 616,  504, 616,  502, 616,  502, 616,  504, 616,  504, 1736,  504, 616,  502, 616,  504, 616,  502, 616,  502, 616,  502, 616,  502, 616,  504, 616,  502, 616,  532, 588,  532, 586,  504, 616,  532, 586,  534, 586,  532, 586,  532, 586,  532, 586,  532, 1706,  504, 616,  532, 586,  532, 588,  502, 616,  532, 586,  532, 586,  532, 588,  532, 1706,  504, 586,  532};  // UNKNOWN D493F7F6


Protocol  : UNKNOWN
Code      : 0x51F2DE2 (66 Bits)
uint16_t rawData[131] = {8970, 4526,  504, 616,  504, 616,  502, 1736,  504, 616,  502, 616,  504, 616,  504, 616,  502, 1736,  504, 1736,  504, 616,  502, 1736,  504, 616,  504, 1736,  504, 616,  504, 1736,  504, 616,  532, 1708,  504, 1736,  504, 1736,  504, 616,  532, 588,  532, 1708,  502, 1736,  502, 616,  532, 588,  532, 588,  532, 586,  534, 1706,  504, 616,  532, 588,  532, 586,  532, 588,  532, 586,  532, 586,  534, 586,  532, 586,  532, 1706,  504, 616,  532, 586,  532, 586,  532, 586,  534, 586,  532, 586,  534, 586,  532, 586,  534, 586,  532, 586,  532, 586,  532, 586,  534, 586,  532, 586,  534, 586,  532, 586,  534, 586,  532, 1706,  502, 616,  534, 586,  532, 586,  532, 586,  532, 586,  532, 586,  534, 586,  534, 1706,  504, 586,  532};  // UNKNOWN 
51F2DE2


Protocol  : UNKNOWN
Code      : 0xC47EB15C (66 Bits)
uint16_t rawData[131] = {8970, 4524,  504, 616,  502, 616,  504, 1736,  504, 618,  502, 616,  504, 616,  504, 616,  502, 1736,  504, 1736,  504, 616,  502, 1736,  504, 616,  502, 1736,  504, 616,  502, 1736,  504, 616,  502, 616,  504, 616,  502, 616,  504, 1736,  504, 616,  502, 1736,  502, 1736,  504, 616, 
 502, 1736,  504, 616,  504, 616,  504, 1736,  504, 616,  504, 616,  504, 614,  504, 616,  502, 616,  504, 616,  502, 616,  502, 616,  502, 1736,  504, 616,  504, 616,  504, 616,  502, 616,  532, 586,  532, 588,  532, 586,  532, 586,  532, 586,  532, 588,  532, 588,  532, 588,  532, 586,  532, 588,  534, 586,  532, 586,  534, 586,  534, 1706,  504, 616,  532, 586,  534, 586,  534, 586,  534, 586,  532, 588,  532, 586,  534, 1706,  504, 586,  534};  // UNKNOWN C47EB15C


Protocol  : UNKNOWN
Code      : 0xCF15E722 (66 Bits)
uint16_t rawData[131] = {8970, 4524,  504, 616,  502, 616,  502, 1736,  504, 616,  504, 616,  502, 616,  502, 616,  504, 1736,  504, 1736,  504, 616,  504, 1736,  504, 616,  502, 1736,  504, 616,  504, 1736,  504, 616,  504, 1736,  504, 616,  504, 616,  504, 1736,  504, 616,  504, 1736,  502, 1736,  502, 616,  504, 616,  502, 1736,  502, 616,  504, 1736,  504, 616,  502, 616,  504, 616,  504, 616,  502, 616,  502, 616,  504, 616,  504, 614,  504, 1736,  504, 616,  504, 616,  504, 616,  502, 616,  502, 616,  504, 616,  504, 616,  504, 616,  502, 616,  504, 616,  504, 616,  502, 616,  502, 616,  504, 616,  504, 616,  504, 616,  502, 616,  504, 1736,  502, 616,  502, 616,  504, 616,  504, 616,  504, 616,  502, 616,  502, 616,  504, 1736,  504, 586,  504};  // UNKNOWN 
CF15E722


Protocol  : UNKNOWN
Code      : 0x793B8DAE (66 Bits)
uint16_t rawData[131] = {8970, 4524,  504, 616,  502, 616,  502, 1736,  504, 616,  502, 616,  502, 616,  502, 616,  504, 1736,  504, 1736,  504, 616,  504, 1736,  504, 616,  504, 1736,  504, 616,  502, 1736,  504, 616,  502, 616,  502, 1736,  504, 616,  504, 1736,  502, 616,  504, 1736,  504, 1736,  504, 616,  504, 1736,  502, 1736,  504, 616,  504, 1736,  502, 616,  504, 616,  504, 616,  502, 618,  502, 616,  504, 616,  504, 616,  502, 616,  504, 1736,  504, 616,  504, 616,  504, 616,  504, 616,  504, 616,  504, 616,  502, 616,  502, 616,  504, 616,  504, 616,  504, 616,  502, 616,  504, 616,  504, 616,  504, 616,  502, 616,  504, 616,  504, 1736,  504, 616,  504, 616,  504, 616,  504, 616,  502, 616,  504, 616,  504, 616,  504, 1736,  504, 586,  504};  // UNKNOWN 793B8DAE


Protocol  : UNKNOWN
Code      : 0x5A368486 (67 Bits)
uint16_t rawData[133] = {8970, 4526,  504, 616,  502, 618,  502, 1736,  504, 616,  502, 616,  502, 616,  504, 616,  504, 1736,  502, 1736,  504, 616,  502, 1736,  504, 616,  504, 1736,  502, 616,  504, 1736,  504, 616,  502, 1736,  504, 1736,  504, 616,  502, 1738,  502, 616,  504, 1734,  504, 1736,  504, 616,  502, 616,  504, 616,  504, 1736,  504, 1736,  504, 616,  504, 616,  504, 616,  502, 616,  504, 616,  502, 616,  502, 616,  502, 616,  504, 1736,  504, 616,  502, 616,  504, 616,  502, 616,  504, 616,  502, 616,  504, 616,  504, 616,  504, 616,  502, 616,  504, 616,  504, 616,  504, 616,  502, 616,  502, 616,  504, 616,  502, 616,  504, 1736,  504, 616,  504, 616,  502, 616,  502, 616,  504, 616,  504, 616,  504, 616,  502, 1736,  504, 586,  502, 43522,  190};  // UNKNOWN 5A368486


Protocol  : UNKNOWN
Code      : 0x13F32C44 (66 Bits)
uint16_t rawData[131] = {8968, 4526,  504, 616,  504, 616,  504, 1736,  504, 616,  504, 616,  502, 616,  504, 616,  502, 1736,  504, 1736,  504, 616,  504, 1736,  504, 616,  502, 1736,  504, 616,  504, 1736,  504, 616,  504, 616,  504, 616,  502, 1736,  504, 1736,  504, 618,  502, 1736,  504, 1736,  504, 616,  502, 1738,  502, 616,  502, 1736,  504, 1736,  504, 616,  502, 616,  504, 616,  502, 616,  504, 616,  502, 616,  504, 616,  504, 616,  502, 1736,  504, 616,  502, 616,  504, 616,  504, 616,  502, 616,  504, 616,  504, 616,  502, 616,  504, 616,  502, 616,  504, 616,  504, 616,  502, 616,  504, 616,  504, 616,  502, 616,  502, 616,  504, 1736,  504, 616,  532, 588,  532, 586,  532, 586,  532, 586,  534, 586,  532, 586,  532, 1708,  502, 586,  532};  // UNKNOWN 13F32C44


Protocol  : UNKNOWN
Code      : 0x20118F74 (66 Bits)
uint16_t rawData[131] = {8968, 4526,  504, 616,  502, 616,  502, 1736,  506, 612,  504, 616,  502, 616,  502, 616,  502, 1736,  504, 1736,  502, 616,  504, 1736,  504, 616,  504, 1736,  504, 616,  502, 1736,  504, 616,  504, 1736,  504, 616,  502, 1736,  504, 1736,  502, 616,  504, 1736,  504, 1734,  504, 616,  502, 616,  502, 1736,  504, 1736,  504, 1736,  504, 616,  504, 616,  504, 616,  504, 616,  502, 616,  504, 616,  504, 616,  504, 616,  502, 1738,  502, 
616,  502, 616,  502, 616,  504, 616,  504, 616,  502, 616,  502, 616,  504, 616,  502, 616,  504, 616,  502, 616,  502, 616,  504, 616,  504, 616,  502, 616,  504, 616,  532, 586,  504, 1736,  504, 616,  504, 616,  504, 616,  502, 616,  532, 588,  504, 616,  532, 588,  532, 1708,  502, 586,  532};  // UNKNOWN 20118F74


Protocol  : UNKNOWN
Code      : 0x1F75DDF6 (67 Bits)
uint16_t rawData[133] = {8970, 4526,  504, 616,  504, 616,  502, 1736,  504, 616,  504, 616,  504, 616,  504, 616,  502, 1736,  504, 1736,  504, 616,  504, 1736,  502, 616,  502, 1736,  504, 616,  502, 1736,  504, 616,  504, 1736,  504, 616,  504, 616,  504, 616,  504, 616,  502, 1736,  504, 616,  504, 1736, 
 502, 616,  504, 1736,  504, 1736,  504, 1736,  504, 616,  502, 616,  504, 616,  504, 616,  502, 616,  502, 616,  504, 616,  502, 616,  504, 1736,  502, 616,  504, 616,  504, 616,  504, 616,  504, 616,  502, 616,  504, 616,  504, 616,  504, 616,  504, 616,  504, 616,  502, 616,  502, 616,  504, 616,  502, 616,  504, 616,  502, 616,  504, 1736,  504, 616,  502, 616,  504, 616,  502, 616,  504, 616,  502, 616,  502, 616,  504, 1736,  502, 586,  504, 22320,  80}; 
 // UNKNOWN 1F75DDF6


Protocol  : UNKNOWN
Code      : 0x235F88F4 (66 Bits)
uint16_t rawData[131] = {8938, 4556,  504, 616,  502, 616,  502, 1736,  504, 616,  502, 616,  504, 616,  504, 616,  504, 1736,  502, 1736,  502, 616,  504, 1736,  504, 616,  502, 1738,  502, 616,  504, 1736,  504, 616,  504, 1734,  504, 616,  504, 1736,  504, 616,  504, 616,  504, 1736,  504, 1736,  504, 1736,  504, 616,  504, 1736,  504, 1736,  504, 1736,  504, 616,  504, 616,  504, 616,  502, 616,  504, 616,  502, 616,  504, 616,  502, 616,  502, 1736,  504, 
616,  502, 616,  502, 616,  504, 616,  504, 616,  502, 616,  502, 616,  504, 616,  504, 616,  502, 616,  502, 616,  504, 616,  502, 616,  504, 616,  502, 616,  502, 616,  504, 616,  502, 1736,  504, 616,  504, 616,  504, 616,  502, 616,  502, 616,  504, 616,  504, 616,  504, 1734,  504, 586,  502};  // UNKNOWN 235F88F4


Protocol  : UNKNOWN
Code      : 0x89523276 (67 Bits)
uint16_t rawData[133] = {8968, 4526,  504, 616,  504, 616,  504, 1736,  502, 616,  504, 616,  504, 616,  502, 616,  502, 1736,  504, 1736,  504, 616,  504, 1736,  502, 616,  502, 1736,  504, 614,  504, 1736,  502, 616,  504, 1736,  504, 616,  502, 616,  504, 1736,  504, 616,  504, 1736,  504, 616,  502, 616, 
 504, 616,  502, 1736,  504, 1736,  502, 1736,  504, 616,  504, 616,  502, 616,  504, 616,  504, 616,  504, 616,  502, 616,  504, 616,  502, 1736,  502, 616,  502, 616,  504, 616,  504, 616,  504, 616,  502, 616,  504, 616,  504, 616,  502, 616,  502, 616,  504, 616,  504, 616,  502, 616,  504, 616,  504, 616,  504, 616,  504, 616,  502, 1736,  504, 616,  504, 616,  502, 616,  502, 616,  504, 616,  502, 616,  504, 616,  502, 1736,  504, 586,  502, 26892,  80}; 
 // UNKNOWN 89523276


Protocol  : UNKNOWN
Code      : 0xBB6603EA (66 Bits)
uint16_t rawData[131] = {8970, 4524,  504, 616,  502, 616,  504, 1736,  504, 616,  504, 616,  502, 616,  502, 616,  504, 1736,  504, 1736,  504, 616,  502, 1736,  502, 616,  502, 1736,  504, 616,  502, 1736,  504, 616,  502, 1736,  504, 1736,  504, 616,  502, 1736,  504, 616,  502, 1736,  504, 616,  504, 616,  502, 616,  504, 1736,  504, 1736,  504, 1736,  504, 616,  504, 1736,  504, 616,  502, 616,  504, 616,  504, 616,  502, 616,  502, 616,  504, 1736,  504, 
616,  502, 616,  504, 616,  502, 616,  504, 616,  502, 616,  502, 616,  504, 616,  504, 616,  532, 586,  504, 616,  502, 616,  504, 616,  504, 616,  502, 616,  504, 616,  504, 616,  502, 1736,  502, 616,  504, 616,  532, 588,  502, 616,  502, 616,  504, 616,  532, 588,  532, 1708,  504, 586,  532};  // UNKNOWN BB6603EA


Protocol  : UNKNOWN
Code      : 0xB05FF5E0 (66 Bits)
uint16_t rawData[131] = {8994, 4500,  534, 586,  534, 586,  534, 1706,  534, 586,  534, 586,  534, 586,  532, 586,  534, 1706,  534, 1706,  534, 586,  534, 1706,  534, 586,  534, 1706,  534, 586,  532, 1706,  534, 586,  534, 586,  534, 1706,  534, 586,  534, 1706,  534, 1706,  534, 586,  534, 586,  534, 584, 
 536, 584,  534, 1706,  534, 1706,  534, 1706,  534, 586,  534, 1706,  534, 586,  534, 586,  534, 584,  534, 586,  532, 586,  534, 586,  534, 1704,  534, 586,  532, 586,  534, 584,  558, 562,  534, 586,  534, 584,  534, 584,  534, 586,  534, 586,  534, 586,  534, 584,  558, 562,  558, 562,  534, 586,  556, 562,  558, 562,  558, 562,  558, 1680,  534, 586,  558, 562,  558, 562,  558, 562,  558, 562,  558, 560,  558, 562,  558, 1682,  534, 560,  558};  // UNKNOWN B05FF5E0


Protocol  : UNKNOWN
Code      : 0x321DA996 (66 Bits)
uint16_t rawData[131] = {8994, 4500,  504, 616,  534, 586,  532, 1706,  504, 616,  534, 586,  534, 586,  532, 586,  534, 1706,  502, 1736,  504, 616,  534, 1706,  504, 616,  534, 1706,  504, 616,  534, 1706,  504, 616,  534, 586,  532, 586,  534, 586,  534, 586,  534, 1706,  534, 1706,  532, 1706,  532, 588, 
 534, 586,  532, 1706,  534, 1706,  534, 1706,  532, 588,  534, 1706,  532, 588,  532, 586,  534, 586,  534, 586,  534, 586,  534, 586,  534, 1706,  532, 586,  534, 584,  534, 586,  534, 586,  534, 586,  534, 586,  534, 586,  534, 586,  532, 586,  532, 586,  532, 586,  534, 586,  534, 586,  534, 586,  534, 586,  534, 586,  534, 586,  534, 1706,  534, 586,  534, 586,  534, 586,  534, 586,  534, 586,  534, 586,  534, 586,  534, 1706,  532, 556,  534};  // UNKNOWN 321DA996


Protocol  : UNKNOWN
Code      : 0xB251813C (66 Bits)
uint16_t rawData[131] = {8938, 4556,  504, 616,  504, 616,  502, 1736,  504, 616,  502, 616,  502, 616,  504, 616,  502, 1736,  502, 1738,  502, 616,  502, 1736,  502, 616,  504, 1736,  504, 616,  502, 1736,  504, 616,  502, 1736,  504, 1736,  504, 1736,  502, 1736,  504, 1736,  504, 1736,  504, 1736,  502, 616,  504, 616,  502, 1736,  504, 1736,  504, 1736,  504, 616,  502, 1736,  504, 616,  502, 616,  504, 616,  504, 616,  504, 616,  502, 616,  502, 616,  502, 616,  504, 616,  504, 616,  502, 616,  502, 616,  504, 616,  502, 616,  502, 616,  502, 616,  504, 616,  504, 616,  502, 616,  502, 616,  504, 616,  502, 616,  504, 616,  502, 616,  504, 1736,  504, 616,  502, 616,  504, 616,  502, 616,  502, 616,  502, 616,  502, 616,  504, 1736,  502, 586,  504};  // UNKNOWN B251813C